U = [2 4 2; 0 -1 1; 0 0 -1]
b = [8; 0; 1]
